0 0.158984375 0.925 0.06171875 0.15
0 0.36796875 0.681944444444 0.03125 0.0861111111111
0 0.354296875 0.590972222222 0.01796875 0.0569444444444
0 0.362890625 0.553472222222 0.01328125 0.0430555555556
0 0.9703125 0.738194444444 0.0234375 0.0680555555556
0 0.91875 0.674305555556 0.015625 0.0625
0 0.867578125 0.627083333333 0.01171875 0.0430555555556
0 0.794140625 0.591666666667 0.01640625 0.0388888888889
0 0.716015625 0.569444444444 0.01171875 0.0305555555556
0 0.633984375 0.554861111111 0.01015625 0.0319444444444
0 0.53671875 0.5375 0.0109375 0.0277777777778
0 0.462890625 0.532638888889 0.00859375 0.0291666666667
